1268080854 1268081064 8
1028961968 1028962323 13
1109202787 1109203007 14
1153947194 1153948004 37
1932074676 1932074814 4
1599477167 1599477516 20
518432803 518433336 22
1355633696 1355633704 0
629324533 629324755 15
1850251556 1850252337 34
968250949 968251536 29
850136532 850136970 18
2094410935 2094411278 14
98217529 98218260 33
1184233639 1184234278 28
2067226439 2067227285 35
1434076201 1434076961 40
1056158201 1056158542 17
793740332 793741080 33
782157151 782157512 21
384462886 384463556 35
1523094710 1523095400 36
446168204 446168962 36
375459050 375459787 29
437532332 437533290 50
1033335870 1033336151 14
1537818545 1537818947 19
1317074071 1317074903 48
657670097 657670698 30
1669238563 1669239300 39
951959592 951959947 15
2146734583 2146734728 6
390202467 390202603 7
634347486 634348285 40
1118030884 1118031522 26
1762274160 1762274931 29
1650655308 1650655530 11
257905813 257906325 22
1869129980 1869130843 46
1024832601 1024833265 26
711591821 711592293 26
1564961945 1564962664 32
1794157226 1794157595 13
1586672551 1586673227 33
2360322 2360789 29
2146247413 2146248327 45
549925174 549925522 14
1192872059 1192872700 31
1053423836 1053424382 29
2124070440 2124070513 2
1096240536 1096241489 40
1526464844 1526465040 13
729262527 729263184 37
548752061 548752921 47
270251872 270252534 27
610087524 610088217 33
1484269486 1484270308 34
1083770412 1083770477 3
762118191 762118507 9
1435286741 1435287254 24
1631386783 1631387289 23
1718798427 1718798736 15
1432065206 1432066044 41
973955950 973956344 20
443922736 443923478 34
361976467 361976739 14
541920047 541920358 13
2139575469 2139576044 22
1525328320 1525329202 30
1722091435 1722091627 5
2114428544 2114428855 22
629940238 629940621 20
212261133 212261783 28
434673800 434674124 12
89186318 89186859 34
1738857837 1738857938 1
1156527399 1156528015 30
1754401410 1754402367 42
2074359455 2074360167 35
779114351 779114894 24
1531416455 1531417274 37
1910961816 1910962318 27
882048482 882049119 31
1197035429 1197035584 10
296413871 296414087 11
2055473347 2055474114 39
956338528 956339465 49
1714573150 1714573811 29
104156940 104157242 21
2142978986 2142979244 10
1871723843 1871724018 9
1913916360 1913916954 33
897042144 897042266 6
1321876551 1321877502 35
2101707835 2101708738 46
1194716494 1194717136 35
1094598074 1094598736 30
1411493496 1411494052 26
713764651 713764929 17
89056063 89056585 31
1232688494 1232688905 18
1273537290 1273537664 16
534975700 534976492 41
1210143036 1210143676 33
842390095 842390469 18
832475899 832476189 12
792507901 792508512 38
1447397885 1447397930 4
2119742733 2119743521 32
365984348 365985268 49
575298043 575298886 39
1412123914 1412124031 6
371411857 371412620 39
1499059026 1499059535 21
1137179041 1137179130 6
2095355031 2095355918 35
1585160852 1585161525 32
263927262 263927815 34
2062035466 2062035764 16
611785545 611786458 58
532225024 532225468 23
1323572203 1323573128 46
2043170055 2043170495 14
866799323 866799464 7
1245277229 1245277900 26
1941912413 1941912685 10
646000866 646001546 32
1342987742 1342988466 41
1882686443 1882686563 5
2102589233 2102590069 44
135194561 135195177 31
1094765723 1094766137 23
1124385642 1124386627 58
1693008319 1693008779 15
685279635 685279851 7
1795879373 1795880032 23
1601571661 1601572589 44
394753937 394754005 4
1595454369 1595454629 8
1365203561 1365204511 54
346853283 346853610 17
366339574 366339724 8
218701359 218701675 17
2010266874 2010267676 35
256406788 256407247 22
826285990 826286340 12
1868349427 1868350140 39
2111956764 2111957185 20
1132261051 1132261486 24
1884188881 1884189567 36
1814791651 1814792257 25
887561698 887562362 27
357068887 357069522 37
618654085 618654341 17
396385247 396385893 34
498287558 498288088 23
996006325 996006457 7
1736092680 1736093364 23
426470801 426471707 44
1168611838 1168612427 30
1416764717 1416765545 43
1074478939 1074479436 20
1768465894 1768465949 3
1982881918 1982882215 14
548949842 548949994 8
423300335 423301181 45
1104688110 1104688143 3
1485137510 1485138507 42
445694020 445694615 24
1266796605 1266796872 16
1940165594 1940165757 6
1585317798 1585318069 11
482227648 482228478 45
2003395956 2003396405 18
625319089 625319235 7
1591576038 1591576844 38
871938327 871938657 17
1032230655 1032231228 20
1557523385 1557524311 51
1246163870 1246164098 9
439732430 439732635 12
175247426 175247966 26
832842591 832843527 46
858693890 858694501 26
1616692884 1616693379 20
2120615879 2120616709 40
1743091011 1743091040 0
50579453 50579464 0
584893211 584893620 22
986533460 986533760 14
931015908 931016758 37
1104812459 1104812694 10
949197180 949197294 5
148391160 148392078 45
857188392 857188422 1
318226498 318227320 41
916535587 916536511 54
693857715 693857893 9
6375212 6375817 36
880431142 880431238 3
1530558452 1530558825 17
884959278 884960093 38
264529754 264530486 43
1204000826 1204001791 48
842030493 842031131 28
2059635266 2059635667 19
473676489 473676566 6
1428516988 1428517657 36
1006523543 1006523691 6
1782110587 1782111523 52
823979530 823979615 3
1013149110 1013149228 2
446327361 446328186 38
1342409648 1342410222 19
1112074782 1112074924 7
2075770670 2075771257 31
928920515 928920816 15
1621315402 1621315671 15
1748785033 1748785614 36
2042873235 2042874113 39
720883219 720884072 42
68894632 68895340 40
824505282 824505902 31
469949730 469950555 42
926836121 926836790 29
1547257113 1547257764 22
57430107 57430683 36
1343847121 1343847589 22
2119929401 2119929523 5
956460042 956460578 29
614130264 614130329 5
1579670123 1579670903 30
1697993366 1697994243 39
589017401 589018152 36
1731334458 1731335446 35
1742626629 1742626659 0
291948193 291948454 15
1499293738 1499294213 21
1161449234 1161449702 26
799998653 799999008 17
2073820138 2073820256 5
1691617358 1691617603 11
612694694 612695526 46
487524065 487524513 24
1426753954 1426754062 6
1669660984 1669661202 12
181247525 181247984 15
1436451350 1436452241 48
7865688 7866440 44
1031051994 1031052141 9
362392092 362393067 58
2043934177 2043934463 13
290232589 290232856 12
1770793761 1770794584 34
1217504088 1217504854 38
1392483530 1392484108 31
623080885 623081125 9
1127607175 1127607754 21
1824598072 1824598312 12
1820916027 1820916405 13
911631700 911632063 21
997268949 997269174 7
297457174 297457825 37
824636468 824637331 41
164221755 164222217 20
2044523010 2044523858 43
334399790 334400329 28
1180954134 1180954513 16
1189234158 1189234405 10
2076314202 2076314800 24
1227573014 1227573098 2
1403095176 1403096075 44
110447676 110448379 32
938945830 938946579 36
1998349944 1998350154 11
891430479 891431475 51
1955471573 1955472001 20
1855377222 1855377322 0
27452432 27452474 3
410767963 410768150 11
240734857 240735182 19
718288035 718288682 26
101297216 101297385 9
1199767026 1199767400 16
556022769 556023349 26
1549785973 1549786756 42
302428016 302428517 27
1486766034 1486766726 35
1188616205 1188616421 12
200437793 200438294 30
890606426 890606699 16
1801980497 1801980849 15
833084053 833084124 2
804039452 804039937 21
2042404114 2042404529 21
1052210673 1052210996 11
1522614740 1522615448 37
710789970 710790926 41
1522257230 1522258226 40
766959682 766960681 58
891670928 891670935 0
1714392134 1714393078 36
974659509 974660029 25
1606974636 1606974702 4
1331902736 1331903166 21
1055274567 1055275082 22
751797055 751797471 20
773619867 773619975 6
72161840 72162159 16
297933946 297934900 51
644983086 644983705 34
102737629 102737807 9
973159679 973160278 26
1644026134 1644026395 16
576600947 576601115 9
278729612 278730487 44
432764176 432764922 27
514887171 514887856 34
899312618 899313425 40
1423215751 1423216458 26
1781790589 1781791259 32
158757222 158758218 55
1040778086 1040778175 4
1970985105 1970986031 40
362552760 362553163 20
1080022232 1080023078 40
1471580022 1471580883 44
1027650024 1027650077 0
1996287460 1996287970 22
645189315 645190074 39
787694678 787695605 38
1893676634 1893677488 44
769557026 769557183 5
480398891 480399535 31
235458317 235458959 30
1752601351 1752602257 41
87137664 87138237 33
255869255 255870006 43
696252014 696252726 33
93372029 93372803 41
200806115 200806377 13
2066340620 2066340757 6
208670475 208671471 47
1969642190 1969642478 18
1470699506 1470700363 40
482879047 482879584 33
1391266785 1391266819 0
1331369391 1331369554 11
490152191 490152474 15
1682209807 1682210315 29
1567899277 1567899788 20
595375767 595376709 53
1051202436 1051202458 0
635469045 635469496 28
930615734 930615808 5
658775577 658776426 46
1902235336 1902235886 24
656324338 656325150 42
1524139546 1524140426 43
20896452 20896857 25
945830738 945831237 29
958265942 958266817 37
732847533 732848218 33
202954038 202954763 41
1953919968 1953920813 39
1948610233 1948610831 31
1025007708 1025008060 22
881888892 881889037 4
1247747374 1247748311 40
1676180948 1676181408 19
98715363 98716240 51
1162301309 1162302009 38
765105427 765106074 19
1964372864 1964373190 15
149624880 149625196 23
989116731 989117349 23
341561167 341561840 30
1285069493 1285070194 27
2089534358 2089534889 32
149924778 149925457 44
1225703728 1225703739 1
1122822629 1122823418 39
347553716 347554237 26
31954286 31954376 5
1374585810 1374586044 7
1626180551 1626180724 7
1895608111 1895608323 11
1326768225 1326769116 38
312140212 312140653 26
654991217 654991309 2
981443109 981444057 50
1557220710 1557220987 12
1444006973 1444007528 21
249929330 249930013 34
35346438 35346546 4
1134544714 1134544880 9
350905471 350906166 33
1364277955 1364278142 10
2114595216 2114595457 11
146276630 146277008 15
956883827 956884008 9
667514904 667515195 17
265971745 265971874 5
1218238182 1218239139 45
990456923 990457322 20
1039877049 1039877081 3
1369853699 1369853810 6
1147420661 1147420685 2
1144420666 1144421657 47
2052434707 2052434811 2
1797204099 1797204873 35
293333623 293334546 44
1149379469 1149380047 32
699085110 699085148 3
906360172 906360912 41
310704768 310705767 55
470335273 470335945 31
420768642 420768661 0
825019154 825019978 38
1314418976 1314419053 2
1364752575 1364752953 20
1639892461 1639893087 33
656426489 656426964 23
1253499650 1253499806 7
2037179466 2037180176 28
833130612 833131530 45
50462836 50463071 12
1687525841 1687526146 11
636592166 636592469 16
168849695 168850033 16
1084489044 1084489508 18
1258712689 1258713006 17
1457774136 1457774468 12
143647688 143648330 29
1171004508 1171005173 31
1950785719 1950786155 27
1664879043 1664879576 29
975396062 975396946 35
2083024008 2083024073 3
1974669040 1974669866 36
1239862775 1239862780 1
1512136096 1512136707 21
1786780240 1786780529 13
342684268 342685026 38
1291305593 1291306557 38
1818841096 1818842085 46
991088428 991088566 11
1783135306 1783136222 43
462067822 462068817 48
436688559 436688889 12
1237366012 1237366642 34
2021345766 2021346173 18
1683185163 1683185344 7
928583291 928583814 28
930670246 930670930 31
1443961702 1443962075 14
1416084689 1416084839 8
1313374984 1313375265 11
1860792440 1860792692 14
1331270040 1331270425 17
20109568 20110056 29
1232925374 1232926370 37
1932697626 1932697658 2
1312576913 1312577713 43
647876379 647876851 26
1880354131 1880354522 18
1989256102 1989256351 13
492520150 492520768 26
455990782 455991224 23
996199493 996199521 2
29388478 29389025 32
1409710401 1409710568 8
1101291698 1101292435 42
353370800 353371290 24
84177342 84178182 47
1819214875 1819215785 47
539784681 539785282 29
1115484907 1115485566 36
1773233633 1773233805 9
572280460 572280825 19
2029843644 2029844587 37
11385108 11385206 4
2059367192 2059367451 6
1249090068 1249090395 11
1925008701 1925009615 43
1754535355 1754535534 7
390483461 390483570 5
1252386698 1252386857 8
1592363846 1592364344 24
158892001 158892189 13
1142914691 1142915567 36
1780828099 1780828471 22
735279829 735280187 15
2007698031 2007698846 29
1029407530 1029408373 37
634656180 634656706 23
737645786 737646074 10
635899976 635900307 17
1149946547 1149946592 1
1017403658 1017404258 31
1982795959 1982796324 21
734385131 734385903 46
1641217474 1641218303 38
1717570932 1717571605 26
1445045680 1445046613 49
615155213 615155936 31
1707086162 1707086826 22
2123176095 2123176438 17
997329022 997329500 23
655912158 655912710 32
268401674 268402012 16
791020430 791020890 30
1936609627 1936610034 23
1655576791 1655577317 30
1164426804 1164427605 37
1866544127 1866544242 2
1149952167 1149952777 27
1225534887 1225535880 55
292733792 292733963 8
1729783666 1729784138 22
524601457 524601689 10
30772547 30773518 55
445954896 445955890 42
379086314 379087233 49
1989855472 1989855945 22
1322536823 1322537321 20
178083163 178083417 16
1116820959 1116821749 38
1392994013 1392994115 8
906281669 906281838 7
1150410904 1150411052 8
1409676284 1409676707 22
1078787758 1078788281 25
796565416 796565966 30
1283349695 1283350130 18
961817374 961817526 11
576320667 576321588 36
1892155123 1892155686 23
999054915 999055704 44
318075834 318076574 34
1158756262 1158756920 31
952200238 952200664 25
1606686264 1606686461 9
1304048568 1304049197 33
546451652 546452241 30
1262133798 1262134354 27
688188737 688189171 16
1849741979 1849742475 19
1012053957 1012054704 39
991014398 991014402 0
877689182 877689955 34
1955871156 1955872005 34
797938046 797938677 25
328801765 328802727 58
1824300421 1824301020 36
490936054 490936089 2
140006609 140006901 17
24928813 24929686 54
1364673842 1364674224 22
451405854 451406348 27
1391823971 1391824623 32
1460504402 1460505111 35
90382438 90383171 39
1699505557 1699505953 19
1661586480 1661586787 12
1250356400 1250356415 1
348384432 348385341 37
1845801864 1845802343 25
611802892 611803873 46
795831793 795832458 23
673997581 673998428 47
1124192701 1124192891 15
582420491 582421005 19
413213416 413213749 19
330615248 330615518 15
1710736179 1710736399 9
430675275 430676208 50
1654968281 1654968994 26
39036018 39036208 10
1623494109 1623494608 22
1750026497 1750027359 32
2092414514 2092415444 40
1785110771 1785111501 27
1097249761 1097249776 1
1817852712 1817853266 34
538049681 538050326 29
1032365753 1032366135 14
1158370835 1158371079 8
663880248 663880499 11
1414396930 1414397427 25
288719874 288720335 23
569451069 569451218 10
2001406395 2001407097 30
1240452862 1240453275 13
1283925892 1283926216 21
1593581264 1593582005 37
1442830186 1442830316 7
837396023 837396332 14
1181761213 1181761997 34
1329887324 1329887601 16
1680243690 1680243695 0
1196496922 1196497717 39
1382695739 1382695848 2
32428392 32429380 60
1778968361 1778968683 21
893587837 893588072 16
276991135 276992041 49
639599736 639600618 56
1539974608 1539975206 40
23872648 23873500 49
449032274 449033186 42
1562885593 1562886053 27
1008482395 1008483364 54
824836121 824837081 56
39960105 39960903 55
894890237 894891033 39
1875176803 1875176962 6
137845943 137846838 48
151287620 151287955 20
1009481235 1009482216 49
1617099657 1617099729 5
1850460568 1850461361 35
1218624330 1218624986 34
2025004675 2025004965 18
75145607 75145930 20
1287532142 1287533023 41
1518847588 1518847675 5
268556694 268557029 12
955732056 955732871 32
422606295 422606457 5
1100632613 1100633145 27
568412310 568413079 40
1261400043 1261400296 14
1938714664 1938715327 33
876532589 876532840 14
1195459997 1195460595 30
556297675 556298592 43
92755743 92755748 0
1241013574 1241013993 21
238553647 238553828 13
2019154094 2019154883 35
1840337062 1840337096 1
81536228 81536984 37
1770364369 1770364654 14
1054802924 1054802940 1
2032960447 2032961336 40
1362983548 1362983657 3
836277658 836278601 43
1160147362 1160148036 28
1889587607 1889588558 35
1428220925 1428221881 47
235344902 235345502 28
1836000873 1836001518 34
1611956957 1611957756 37
298377416 298378020 21
98206332 98207195 44
1229112745 1229113140 24
1560565897 1560566871 40
1899953503 1899954122 24
200433611 200434390 47
1228933635 1228934045 23
815224669 815225205 28
539799519 539799846 17
921333479 921334360 30
131527354 131527792 21
1589143185 1589143464 12
1601001394 1601001481 4
1396783232 1396783852 35
5105084 5105625 25
71565771 71566272 33
564283498 564283602 9
473530364 473530607 10
2108315499 2108315760 16
956561569 956561923 17
1070059232 1070059412 11
520574486 520574706 9
1242905590 1242905745 8
595942756 595942865 5
839817834 839818069 9
1335168343 1335168531 8
33230026 33230906 47
383609820 383610240 16
453832319 453832371 4
776266392 776266795 14
494165945 494166109 10
762419904 762420347 23
1017604268 1017604536 13
704362039 704362158 7
1122562882 1122563490 30
691737825 691738291 19
670435141 670435452 15
196647686 196648417 48
400627818 400628260 17
1548562193 1548562846 31
162383030 162383918 44
64307193 64307249 2
1513074768 1513074781 0
1829844476 1829844563 6
80826417 80826638 14
278360842 278361205 19
1306459385 1306460132 35
1633441806 1633441811 0
129247367 129247564 11
1155016124 1155016373 11
1851243806 1851244755 43
1296948716 1296949015 11
911582613 911583015 18
140052382 140052813 25
138703197 138703772 34
405172436 405172663 11
277377815 277378445 36
496699283 496699866 23
917396643 917396754 6
1609876022 1609876083 5
637687332 637688197 34
1573215424 1573216141 39
781533964 781534546 23
2120726722 2120727053 16
1249493780 1249493978 4
15107933 15108871 51
827529500 827530149 34
1327449237 1327449350 4
658169403 658170022 25
903838896 903839496 27
1008632547 1008632880 12
1097958827 1097959189 18
1778490963 1778491073 6
928979298 928980256 39
1773718222 1773718894 34
1546627019 1546627925 39
132124889 132125684 34
60584976 60585829 47
2031532378 2031532428 3
1824440185 1824440695 29
1162087249 1162087367 7
2086796448 2086797197 29
1004121119 1004121156 0
1581245214 1581245736 23
586780008 586780470 29
311679475 311680030 18
1646611795 1646612097 16
733939270 733939380 5
856812765 856813333 24
1826023069 1826023408 15
2054290240 2054290680 21
746969245 746969727 22
50041588 50041809 9
952590335 952591301 49
841382272 841383144 36
1067632828 1067633349 19
321611342 321611970 30
1845602622 1845603083 27
126224017 126224205 10
840539336 840539361 0
1616964650 1616965461 40
160932933 160933731 29
414373465 414373668 9
246228260 246228490 11
410307123 410307452 21
1754233569 1754234284 32
1149934122 1149934289 9
356045197 356045907 47
1161273388 1161273921 25
1134066028 1134066688 29
1938182405 1938182613 10
1858641533 1858641633 8
1061160836 1061161343 26
1438042561 1438043414 40
688641047 688641296 14
1900388878 1900388928 2
1283317060 1283317871 36
1274214848 1274215374 24
808710366 808710474 7
821393108 821393597 24
1445210790 1445210820 2
1536131205 1536131469 17
781862197 781862599 13
1647636974 1647637559 24
1053328287 1053328641 14
1798307598 1798307643 1
688434562 688435045 25
956337145 956337543 17
918742343 918742401 1
789496603 789496993 22
377994308 377995141 48
1765505440 1765505808 18
456239997 456240637 31
1211518246 1211518609 21
265196101 265196456 21
336484205 336485096 55
313570737 313571147 16
10584507 10585441 64
1617308164 1617308645 17
891084871 891085675 46
144957187 144958008 44
1367179849 1367180598 40
2051374305 2051374651 15
435503499 435503499 0
422929404 422929506 5
282532742 282533454 36
1767401935 1767402118 9
314751433 314751717 18
792791175 792791854 35
1341108648 1341108924 17
1411697386 1411698239 39
620910519 620910642 3
1402724615 1402724641 2
673217409 673217540 3
142232859 142233140 15
1395701935 1395701981 3
2106211102 2106211238 6
1120581795 1120582554 51
791431482 791431776 12
685251111 685251998 41
633601748 633602602 36
2015284599 2015284635 0
868338389 868338773 11
329678320 329678884 38
1708822064 1708823032 52
571633193 571633995 47
1200896173 1200896885 39
550820278 550820418 8
1824038739 1824039426 39
1328686272 1328686870 37
640856320 640856879 25
105977997 105978772 47
1192302696 1192303488 31
462201886 462202064 10
635161439 635162437 48
1050611417 1050611604 6
2115236852 2115237221 21
1522283223 1522283816 37
1100964753 1100965297 32
349737509 349737678 8
1375264864 1375265566 24
1635338972 1635339362 14
2113914415 2113915017 29
884814530 884815036 20
1262713289 1262713443 3
1609257456 1609258066 35
642921714 642922167 20
355669737 355670147 16
794311598 794312221 24
1671474940 1671474977 4
1965324621 1965325331 30
550752576 550753401 48
1493015079 1493015879 36
621685770 621685954 5
1777513696 1777513976 19
1108799354 1108800266 40
1892793982 1892794660 29
1433972302 1433973051 26
635330280 635330465 8
1502210607 1502211176 23
237320339 237320755 14
1654129531 1654129584 2
531736221 531736489 13
567982815 567983634 35
680187244 680187352 2
608037208 608037425 15
666576818 666577603 40
283622395 283622644 13
1084341937 1084342102 12
458604433 458605418 51
1876731445 1876732232 32
1719666897 1719667677 36
16574817 16575369 30
1333782881 1333782978 8
1177458737 1177459578 43
402465019 402465095 4
1652494257 1652494807 22
147537482 147538312 41
1918910171 1918910468 15
1362794650 1362795417 33
807494405 807495263 45
949641984 949642207 12
982137995 982138374 22
1486179472 1486180404 49
2138572545 2138573451 43
633368269 633368611 18
1364704045 1364704564 26
1342378474 1342379337 46
1211707071 1211707779 34
2033183960 2033184120 6
1217187549 1217187880 16
1656461236 1656461394 11
197276234 197276952 47
758944988 758945393 20
372035368 372036006 28
420316524 420317297 32
1945087849 1945088357 22
506117349 506117545 7
455739240 455740061 46
698738481 698738618 6
1789597079 1789597829 35
167164831 167165308 30
1537658269 1537658575 15
240612692 240613384 37
2038221014 2038221018 0
843563852 843564767 50
414478336 414478777 27
1830123073 1830123643 27
9056511 9056924 18
580457327 580458206 44
415840404 415841255 45
1560621653 1560622258 27
223248711 223248713 0
993186801 993187752 48
1911552175 1911552457 6
1125816088 1125816695 27
876548385 876549305 31
412999436 412999442 0
655040578 655040706 13
868604699 868605643 43
779925132 779925683 35
1653702859 1653703327 19
2064709992 2064710276 17
1806158038 1806158542 20
1777926697 1777927414 36
307374735 307375188 22
1239905568 1239905956 25
259728058 259728338 6
1787251742 1787252602 47
2142142231 2142142501 10
797356494 797357166 32
957502229 957503108 45
265971944 265972609 36
1940627886 1940628408 24
2024113793 2024114730 44
1466790466 1466790743 14
226433840 226434517 43
1850958746 1850958931 7
161868313 161868449 7
69943041 69943051 0
1748764854 1748765630 32
1986078464 1986079238 35
97830517 97831391 50
156857406 156857665 9
1351237734 1351238724 42
1288918881 1288919462 33
1271990662 1271991124 22
1675015460 1675016066 29
1469439127 1469439825 29
311491480 311491752 14
2129908635 2129909581 48
2002624550 2002625378 31
603807975 603808623 30
352519013 352519301 14
1068249136 1068249190 2
557987650 557987992 16
799779830 799780296 22
1510717117 1510717464 14
494905341 494905864 35
635208959 635209034 6
1819090513 1819091353 47
1847253656 1847254183 25
2023065303 2023065772 27
334076485 334077267 42
695461519 695462484 51
543606407 543606914 33
276366263 276366572 19
886745335 886745573 12
2104846957 2104847305 22
1645850526 1645850971 17
1661726402 1661726931 28
1695142788 1695143372 22
452936995 452937252 16
1211632932 1211633268 19
578467132 578468023 50
646501764 646502762 51
1623486083 1623486855 34
1193671525 1193672263 34
1721057241 1721057252 0
696604873 696604986 6
25832328 25832608 20
946921620 946922212 25
1638958589 1638959544 46
1182372830 1182373728 49
925447655 925448364 23
474450695 474451104 20
737094238 737095073 48
753712993 753713226 8
1080486092 1080487017 56
2137873570 2137873795 9
1664704168 1664704854 35
1909027223 1909027827 32
983163458 983163558 3
492290694 492290746 2
335479463 335480030 26
825772165 825772957 37
1126492796 1126492881 3
2654041536 2654041624 5
5835508368 5835508382 1
5477680152 5477680251 4
1516557100 1516557134 1
2706126032 2706126045 1
7463922276 7463922277 0
635124396 635124410 2
4992427116 4992427137 0
1241810364 1241810463 3
